1.000000000000000000e+00 0.000000000000000000e+00 0.000000000000000000e+00 0.000000000000000000e+00 0.000000000000000000e+00 1.000000000000000000e+00 0.000000000000000000e+00 0.000000000000000000e+00 0.000000000000000000e+00 0.000000000000000000e+00 1.000000000000000000e+00 0.000000000000000000e+00
1.000000000000000000e+00 5.273818969726562500e-04 -2.067565917968750000e-03 -4.690551757812500000e-02 -5.297660827636718750e-04 1.000000000000000000e+00 -1.154899597167968750e-03 -2.839660644531250000e-02 2.065658569335937500e-03 1.155853271484375000e-03 1.000000000000000000e+00 8.588867187500000000e-01
9.999955296516418457e-01 1.049036043696105480e-03 -4.131925292313098907e-03 -9.373769164085388184e-02 -1.058577676303684711e-03 9.999984502792358398e-01 -2.307752147316932678e-03 -5.675306916236877441e-02 4.128801170736551285e-03 2.312788972631096840e-03 9.999944567680358887e-01 1.716672182083129883e+00
9.999909400939941406e-01 1.566395396366715431e-03 -6.198189221322536469e-03 -1.406610459089279175e-01 -1.587866572663187981e-03 9.999968409538269043e-01 -3.462512046098709106e-03 -8.515777438879013062e-02 6.191947497427463531e-03 3.473529592156410217e-03 9.999888539314270020e-01 2.575443506240844727e+00
9.999864697456359863e-01 2.078032121062278748e-03 -8.264445699751377106e-03 -1.874563246965408325e-01 -2.116665244102478027e-03 9.999952316284179688e-01 -4.615367855876684189e-03 -1.134997904300689697e-01 8.251285180449485779e-03 4.634257405996322632e-03 9.999832510948181152e-01 3.433737039566040039e+00
9.999818801879882812e-01 2.584889065474271774e-03 -1.033069938421249390e-02 -2.343855202198028564e-01 -2.646435284987092018e-03 9.999936223030090332e-01 -5.770124495029449463e-03 -1.419288218021392822e-01 1.031634677201509476e-02 5.798795726150274277e-03 9.999775886535644531e-01 4.292527198791503906e+00
9.999774098396301270e-01 3.086508251726627350e-03 -1.239503547549247742e-02 -2.812060117721557617e-01 -3.173807403072714806e-03 9.999920129776000977e-01 -6.923942826688289642e-03 -1.703356504440307617e-01 1.237379107624292374e-02 6.963309831917285919e-03 9.999721050262451172e-01 5.150840282440185547e+00
9.999728798866271973e-01 3.583812154829502106e-03 -1.446509826928377151e-02 -3.281677961349487305e-01 -3.702624002471566200e-03 9.999904036521911621e-01 -8.077747188508510590e-03 -1.986909955739974976e-01 1.443504728376865387e-02 8.129734545946121216e-03 9.999664425849914551e-01 6.011114120483398438e+00
9.999684095382690430e-01 4.076367244124412537e-03 -1.653133518993854523e-02 -3.749820590019226074e-01 -4.230468533933162689e-03 9.999887943267822266e-01 -9.232517331838607788e-03 -2.270993739366531372e-01 1.649249717593193054e-02 9.301860816776752472e-03 9.999608397483825684e-01 6.869445800781250000e+00
9.999639391899108887e-01 4.566039424389600754e-03 -1.859376020729541779e-02 -4.218781590461730957e-01 -4.759272094815969467e-03 9.999871253967285156e-01 -1.038536522537469864e-02 -2.554456293582916260e-01 1.855185441672801971e-02 1.047208253294229507e-02 9.999551773071289062e-01 7.729739665985107422e+00
9.999594092369079590e-01 5.049504339694976807e-03 -2.066952735185623169e-02 -4.687964618206024170e-01 -5.289506167173385620e-03 9.999855756759643555e-01 -1.153726316988468170e-02 -2.837755680084228516e-01 2.061121724545955658e-02 1.164896413683891296e-02 9.999495744705200195e-01 8.589553833007812500e+00
9.999549984931945801e-01 5.528236273676156998e-03 -2.274146676063537598e-02 -5.155936479568481445e-01 -5.818742327392101288e-03 9.999839663505554199e-01 -1.268727425485849380e-02 -3.120462894439697266e-01 2.266678214073181152e-02 1.282390858978033066e-02 9.999440312385559082e-01 9.444009780883789062e+00
9.999504089355468750e-01 6.000704132020473480e-03 -2.480388060212135315e-02 -5.625505447387695312e-01 -6.345682777464389801e-03 9.999823570251464844e-01 -1.384107861667871475e-02 -3.404081165790557861e-01 2.471470646560192108e-02 1.400267891585826874e-02 9.999384284019470215e-01 1.030482006072998047e+01
9.999458789825439453e-01 6.468898151069879532e-03 -2.687963284552097321e-02 -6.094281077384948730e-01 -6.872102152556180954e-03 9.999807476997375488e-01 -1.499298494309186935e-02 -3.687399923801422119e-01 2.677408605813980103e-02 1.517952978610992432e-02 9.999327659606933594e-01 1.116417598724365234e+01
9.999403953552246094e-01 7.057302631437778473e-03 -2.896357141435146332e-02 -6.561511158943176270e-01 -7.524997461587190628e-03 9.999769926071166992e-01 -1.623162440955638885e-02 -3.962359726428985596e-01 2.883917838335037231e-02 1.645416766405105591e-02 9.999256134033203125e-01 1.202258110046386719e+01
9.999551773071289062e-01 5.629780236631631851e-03 -3.085683844983577728e-02 -7.046730518341064453e-01 -6.124774925410747528e-03 1.000013470649719238e+00 -1.605072431266307831e-02 -4.375709593296051025e-01 3.075953014194965363e-02 1.623469218611717224e-02 9.999481439590454102e-01 1.287777614593505859e+01
9.999190568923950195e-01 7.838734425604343414e-03 -3.307942301034927368e-02 -7.497669458389282227e-01 -8.450645953416824341e-03 9.999471306800842285e-01 -1.845911704003810883e-02 -4.518044292926788330e-01 3.293136134743690491e-02 1.873173005878925323e-02 9.998927116394042969e-01 1.373867988586425781e+01
9.999383091926574707e-01 8.640826679766178131e-03 -3.475917875766754150e-02 -8.050498366355895996e-01 -9.381325915455818176e-03 9.999438524246215820e-01 -2.108317241072654724e-02 -4.623446166515350342e-01 3.456627577543258667e-02 2.140314131975173950e-02 9.998961091041564941e-01 1.461251735687255859e+01
9.999009370803833008e-01 1.226710248738527298e-02 -3.671606257557868958e-02 -8.611959815025329590e-01 -1.312322821468114853e-02 9.999219775199890137e-01 -2.311985194683074951e-02 -4.852084219455718994e-01 3.642843291163444519e-02 2.359385229647159576e-02 9.998891353607177734e-01 1.549024009704589844e+01
9.999367594718933105e-01 1.347710192203521729e-02 -3.803162276744842529e-02 -9.260007143020629883e-01 -1.435001939535140991e-02 9.999913573265075684e-01 -2.279238589107990265e-02 -5.420255064964294434e-01 3.773345425724983215e-02 2.332808077335357666e-02 9.999590516090393066e-01 1.638079643249511719e+01
9.999423623085021973e-01 1.334039401262998581e-02 -3.958969190716743469e-02 -9.885454773902893066e-01 -1.418610196560621262e-02 1.000041842460632324e+00 -2.106104418635368347e-02 -6.218622326850891113e-01 3.931228071451187134e-02 2.161041088402271271e-02 9.999800920486450195e-01 1.727246284484863281e+01
9.999373555183410645e-01 1.366077736020088196e-02 -4.105796664953231812e-02 -1.050025343894958496e+00 -1.447111088782548904e-02 1.000027298927307129e+00 -1.956343278288841248e-02 -6.973214149475097656e-01 4.079836606979370117e-02 2.014413848519325256e-02 9.999729990959167480e-01 1.816821861267089844e+01
9.999573826789855957e-01 1.324236951768398285e-02 -4.222565144300460815e-02 -1.121131062507629395e+00 -1.405316777527332306e-02 1.000016093254089355e+00 -1.904248818755149841e-02 -7.527928352355957031e-01 4.199634119868278503e-02 1.962096057832241058e-02 9.999616742134094238e-01 1.908136558532714844e+01
9.999224543571472168e-01 1.346410904079675674e-02 -4.400520771741867065e-02 -1.178647518157958984e+00 -1.433410961180925369e-02 9.999845027923583984e-01 -1.965242065489292145e-02 -7.881531715393066406e-01 4.374781996011734009e-02 2.026781439781188965e-02 9.999136924743652344e-01 1.999251556396484375e+01
9.999743103981018066e-01 1.170642115175724030e-02 -4.512492567300796509e-02 -1.251466751098632812e+00 -1.264932379126548767e-02 1.000002384185791016e+00 -2.076474577188491821e-02 -8.116824030876159668e-01 4.490212351083755493e-02 2.131417766213417053e-02 9.999288916587829590e-01 2.091692352294921875e+01
9.999680519104003906e-01 1.155249308794736862e-02 -4.588395729660987854e-02 -1.331079244613647461e+00 -1.244086865335702896e-02 1.000036001205444336e+00 -1.915342733263969421e-02 -8.932343721389770508e-01 4.566289857029914856e-02 1.970241963863372803e-02 9.999997615814208984e-01 2.184565162658691406e+01
9.999815225601196289e-01 1.343317516148090363e-02 -4.582028090953826904e-02 -1.431187510490417480e+00 -1.414819527417421341e-02 1.000052690505981445e+00 -1.529163122177124023e-02 -1.028303503990173340e+00 4.559370502829551697e-02 1.591837778687477112e-02 1.000077486038208008e+00 2.277001762390136719e+01
1.000028967857360840e+00 1.438534073531627655e-02 -4.489086940884590149e-02 -1.549065947532653809e+00 -1.491751428693532944e-02 1.000044822692871094e+00 -1.164518110454082489e-02 -1.158289551734924316e+00 4.471672698855400085e-02 1.229420583695173264e-02 1.000097632408142090e+00 2.369207191467285156e+01
1.000078797340393066e+00 1.354946382343769073e-02 -4.340425506234169006e-02 -1.678290486335754395e+00 -1.394583564251661301e-02 1.000044465065002441e+00 -9.056731127202510834e-03 -1.256346583366394043e+00 4.326751455664634705e-02 9.642750956118106842e-03 1.000096797943115234e+00 2.462104225158691406e+01
1.000065803527832031e+00 1.338814198970794678e-02 -4.192746058106422424e-02 -1.807186484336853027e+00 -1.372202206403017044e-02 1.000013589859008789e+00 -7.889023050665855408e-03 -1.316832184791564941e+00 4.182351753115653992e-02 8.447960019111633301e-03 1.000074267387390137e+00 2.556310653686523438e+01
1.000045299530029297e+00 1.351498719304800034e-02 -4.081276431679725647e-02 -1.926537513732910156e+00 -1.394696626812219620e-02 9.999764561653137207e-01 -1.048907637596130371e-02 -1.281532883644104004e+00 4.065318778157234192e-02 1.103997044265270233e-02 1.000026345252990723e+00 2.650775718688964844e+01
1.000023007392883301e+00 1.429843716323375702e-02 -3.998422622680664062e-02 -2.037930011749267578e+00 -1.493659429252147675e-02 9.999302029609680176e-01 -1.583195850253105164e-02 -1.177203774452209473e+00 3.974335640668869019e-02 1.640968583524227142e-02 9.999772906303405762e-01 2.745332908630371094e+01
1.000057339668273926e+00 1.343460101634263992e-02 -3.884840011596679688e-02 -2.156102895736694336e+00 -1.419253833591938019e-02 9.999553561210632324e-01 -1.935813762247562408e-02 -1.121651411056518555e+00 3.856897726655006409e-02 1.987636648118495941e-02 9.999894499778747559e-01 2.841097640991210938e+01
1.000059247016906738e+00 1.105593610554933548e-02 -3.814854472875595093e-02 -2.263103485107421875e+00 -1.174933277070522308e-02 1.000059604644775391e+00 -1.807037368416786194e-02 -1.203154563903808594e+00 3.793632239103317261e-02 1.848765648901462555e-02 1.000052094459533691e+00 2.936816978454589844e+01
1.000011920928955078e+00 9.542957879602909088e-03 -3.827938437461853027e-02 -2.346347570419311523e+00 -1.005018875002861023e-02 1.000109553337097168e+00 -1.310128532350063324e-02 -1.391665935516357422e+00 3.814364224672317505e-02 1.346619334071874619e-02 1.000084638595581055e+00 3.034136199951171875e+01
9.999951124191284180e-01 6.469800602644681931e-03 -3.917801007628440857e-02 -2.406801223754882812e+00 -6.819576025009155273e-03 1.000087261199951172e+00 -8.905412629246711731e-03 -1.553956985473632812e+00 3.912568464875221252e-02 9.153943508863449097e-03 1.000020146369934082e+00 3.131793403625488281e+01
1.000004529953002930e+00 -1.200264785438776016e-03 -4.033325240015983582e-02 -2.456622600555419922e+00 8.366312831640243530e-04 1.000051736831665039e+00 -8.967018686234951019e-03 -1.571493148803710938e+00 4.034290835261344910e-02 8.917816914618015289e-03 9.999545216560363770e-01 3.229339599609375000e+01
9.999297261238098145e-01 -4.392675589770078659e-03 -4.197998344898223877e-02 -2.493888854980468750e+00 3.854726208373904228e-03 9.999634027481079102e-01 -1.277679298073053360e-02 -1.474903821945190430e+00 4.202304780483245850e-02 1.260324753820896149e-02 9.998998641967773438e-01 3.326863861083984375e+01
9.999397397041320801e-01 -3.742229193449020386e-03 -4.350050911307334900e-02 -2.539308071136474609e+00 2.990321023389697075e-03 9.999466538429260254e-01 -1.721398718655109406e-02 -1.369435191154479980e+00 4.353602603077888489e-02 1.706784963607788086e-02 9.998800158500671387e-01 3.427430725097656250e+01
9.999202489852905273e-01 -3.189948853105306625e-03 -4.537000134587287903e-02 -2.576925992965698242e+00 2.346949419006705284e-03 9.999793767929077148e-01 -1.851836964488029480e-02 -1.384956598281860352e+00 4.542451351881027222e-02 1.840382069349288940e-02 9.998956918716430664e-01 3.529717636108398438e+01
9.999513030052185059e-01 -3.135427134111523628e-03 -4.645744338631629944e-02 -2.649858474731445312e+00 2.372035756707191467e-03 1.000039577484130859e+00 -1.638472825288772583e-02 -1.544659137725830078e+00 4.648197442293167114e-02 1.625816896557807922e-02 9.999908208847045898e-01 3.636537170410156250e+01
9.999650716781616211e-01 3.461046144366264343e-04 -4.742459207773208618e-02 -2.726346731185913086e+00 -9.830452036112546921e-04 1.000056624412536621e+00 -1.341286301612854004e-02 -1.732442855834960938e+00 4.740151390433311462e-02 1.343054976314306259e-02 1.000003337860107422e+00 3.741096115112304688e+01
9.999387860298156738e-01 6.509875529445707798e-04 -4.871429875493049622e-02 -2.793376207351684570e+00 -1.257798168808221817e-03 1.000012755393981934e+00 -1.243369095027446747e-02 -1.838705062866210938e+00 4.868066683411598206e-02 1.246246602386236191e-02 9.999520182609558105e-01 3.844911575317382812e+01
9.999516010284423828e-01 1.652362989261746407e-03 -4.968591034412384033e-02 -2.868384122848510742e+00 -2.159425057470798492e-03 1.000027060508728027e+00 -1.016874890774488449e-02 -1.984838843345642090e+00 4.964769631624221802e-02 1.023815758526325226e-02 9.999804496765136719e-01 3.946586990356445312e+01
9.999979138374328613e-01 1.452940981835126877e-03 -4.973269999027252197e-02 -2.984126091003417969e+00 -1.768432324752211571e-03 1.000039935111999512e+00 -6.320831831544637680e-03 -2.189784049987792969e+00 4.971102997660636902e-02 6.370204035192728043e-03 1.000036597251892090e+00 4.049387359619140625e+01
9.999701976776123047e-01 7.505576591938734055e-03 -5.015952885150909424e-02 -3.083923816680908203e+00 -7.748438511043787003e-03 9.999983906745910645e-01 -4.896378610283136368e-03 -2.300865411758422852e+00 5.010158568620681763e-02 5.245972424745559692e-03 9.999883174896240234e-01 4.151840209960937500e+01
1.000000715255737305e+00 8.006608113646507263e-03 -5.007974058389663696e-02 -3.208398818969726562e+00 -8.232396095991134644e-03 9.999976158142089844e-01 -4.617665428668260574e-03 -2.351942777633666992e+00 5.001844838261604309e-02 4.988425411283969879e-03 1.000005841255187988e+00 4.254884338378906250e+01
9.999942183494567871e-01 7.639506366103887558e-03 -5.025157332420349121e-02 -3.318464756011962891e+00 -7.957951165735721588e-03 9.999940991401672363e-01 -6.383548490703105927e-03 -2.308539152145385742e+00 5.017822980880737305e-02 6.744928192347288132e-03 9.999833106994628906e-01 4.357247161865234375e+01
9.999945759773254395e-01 9.799282066524028778e-03 -5.004908144474029541e-02 -3.445898771286010742e+00 -1.025998778641223907e-02 9.999629855155944824e-01 -9.319273754954338074e-03 -2.225486755371093750e+00 4.991276934742927551e-02 9.795486927032470703e-03 9.999920129776000977e-01 4.456800079345703125e+01
9.999527335166931152e-01 9.626088663935661316e-03 -5.102633684873580933e-02 -3.516701459884643555e+00 -1.010552793741226196e-02 1.000000715255737305e+00 -9.402088820934295654e-03 -2.266065597534179688e+00 5.090493708848953247e-02 9.884393773972988129e-03 9.999503493309020996e-01 4.556505203247070312e+01
9.999513030052185059e-01 7.780628278851509094e-03 -5.233317613601684570e-02 -3.574149847030639648e+00 -8.187302388250827789e-03 1.000035047531127930e+00 -7.733315695077180862e-03 -2.379165410995483398e+00 5.224232748150825500e-02 8.133764378726482391e-03 9.999489784240722656e-01 4.656123733520507812e+01
9.999532103538513184e-01 8.039969019591808319e-03 -5.319526791572570801e-02 -3.653358936309814453e+00 -8.397356607019901276e-03 1.000006079673767090e+00 -6.718226242810487747e-03 -2.469945669174194336e+00 5.310989171266555786e-02 7.136579137295484543e-03 9.999629855155944824e-01 4.755604934692382812e+01
9.999640583992004395e-01 1.068918593227863312e-02 -5.347544699907302856e-02 -3.761199712753295898e+00 -1.117307506501674652e-02 9.999611973762512207e-01 -9.036702103912830353e-03 -2.408657789230346680e+00 5.333901196718215942e-02 9.607610292732715607e-03 9.999694824218750000e-01 4.855031204223632812e+01
9.999535679817199707e-01 1.081176381558179855e-02 -5.431287735700607300e-02 -3.843729496002197266e+00 -1.159566733986139297e-02 9.999461174011230469e-01 -1.448323670774698257e-02 -2.185951471328735352e+00 5.412605032324790955e-02 1.508636865764856339e-02 9.999055862426757812e-01 4.955228805541992188e+01
9.999701976776123047e-01 1.118471939116716385e-02 -5.479740723967552185e-02 -3.939862489700317383e+00 -1.202186755836009979e-02 9.999833703041076660e-01 -1.529103983193635941e-02 -2.191470384597778320e+00 5.459893494844436646e-02 1.592181995511054993e-02 9.999624490737915039e-01 5.054467773437500000e+01
9.999889731407165527e-01 1.098906807601451874e-02 -5.505223944783210754e-02 -4.046274662017822266e+00 -1.165147777646780014e-02 1.000054597854614258e+00 -1.199958473443984985e-02 -2.408474683761596680e+00 5.488017573952674866e-02 1.260804105550050735e-02 1.000037074089050293e+00 5.150131225585937500e+01
1.000012397766113281e+00 8.466570638120174408e-03 -5.533911287784576416e-02 -4.154108047485351562e+00 -8.953030221164226532e-03 1.000070452690124512e+00 -8.743359707295894623e-03 -2.611041307449340820e+00 5.521723255515098572e-02 9.209361858665943146e-03 1.000023365020751953e+00 5.246691894531250000e+01
9.999942779541015625e-01 7.305145729333162308e-03 -5.561135709285736084e-02 -4.257884502410888672e+00 -7.736831437796354294e-03 1.000018954277038574e+00 -7.809896953403949738e-03 -2.695515394210815430e+00 5.550716444849967957e-02 8.210818283259868622e-03 9.999924898147583008e-01 5.343445968627929688e+01
1.000010251998901367e+00 4.200477618724107742e-03 -5.582399666309356689e-02 -4.366739749908447266e+00 -4.674705676734447479e-03 1.000018119812011719e+00 -8.518933318555355072e-03 -2.683115482330322266e+00 5.575453490018844604e-02 8.750520646572113037e-03 9.999822378158569336e-01 5.439942550659179688e+01
9.999813437461853027e-01 6.876615807414054871e-04 -5.640983581542968750e-02 -4.452737331390380859e+00 -1.254356233403086662e-03 1.000002384185791016e+00 -1.010906789451837540e-02 -2.622364997863769531e+00 5.637732893228530884e-02 1.014789287000894547e-02 9.999534487724304199e-01 5.537383651733398438e+01
9.999321103096008301e-01 -6.883465684950351715e-04 -5.761840566992759705e-02 -4.504444122314453125e+00 1.669411431066691875e-04 1.000011801719665527e+00 -9.107010439038276672e-03 -2.710889339447021484e+00 5.760216712951660156e-02 9.064996615052223206e-03 9.999412298202514648e-01 5.633530807495117188e+01
9.999336600303649902e-01 -3.212310373783111572e-03 -5.875131487846374512e-02 -4.561129093170166016e+00 2.943338826298713684e-03 1.000040173530578613e+00 -4.646489862352609634e-03 -2.986266374588012695e+00 5.876110121607780457e-02 4.440296441316604614e-03 9.999752640724182129e-01 5.729921722412109375e+01
9.999659657478332520e-01 -4.458920098841190338e-03 -5.926708132028579712e-02 -4.659156799316406250e+00 4.522891249507665634e-03 1.000021576881408691e+00 1.005601137876510620e-03 -3.328281641006469727e+00 5.924688652157783508e-02 -1.309665618464350700e-03 9.999955892562866211e-01 5.826167678833007812e+01
9.999741911888122559e-01 -2.789097605273127556e-03 -5.982254818081855774e-02 -4.753124237060546875e+00 2.969342982396483421e-03 1.000005125999450684e+00 2.925297012552618980e-03 -3.463935852050781250e+00 5.978883057832717896e-02 -3.138856031000614166e-03 9.999650120735168457e-01 5.919767379760742188e+01
9.999136328697204590e-01 -1.445825211703777313e-03 -6.132417172193527222e-02 -4.786243915557861328e+00 1.486438093706965446e-03 1.000011205673217773e+00 5.467206938192248344e-04 -3.348766803741455078e+00 6.130208447575569153e-02 -6.741681136190891266e-04 9.999168515205383301e-01 6.013980102539062500e+01
9.999088644981384277e-01 -8.133004885166883469e-04 -6.282234936952590942e-02 -4.812654495239257812e+00 3.174481098540127277e-04 1.000006318092346191e+00 -8.023144677281379700e-03 -2.861250162124633789e+00 6.282503157854080200e-02 7.964543998241424561e-03 9.999122619628906250e-01 6.107630538940429688e+01
9.999314546585083008e-01 -3.615233581513166428e-04 -6.390772759914398193e-02 -4.863611698150634766e+00 -5.102426512166857719e-04 9.999542236328125000e-01 -1.375614944845438004e-02 -2.549222946166992188e+00 6.390110403299331665e-02 1.374957896769046783e-02 9.998849034309387207e-01 6.199716567993164062e+01
9.999251961708068848e-01 4.846355877816677094e-03 -6.510177999734878540e-02 -4.909497261047363281e+00 -5.707077682018280029e-03 1.000003218650817871e+00 -1.331959664821624756e-02 -2.636603116989135742e+00 6.503231078386306763e-02 1.364982128143310547e-02 9.999294281005859375e-01 6.291380310058593750e+01
9.999322891235351562e-01 8.320018649101257324e-03 -6.589821726083755493e-02 -4.981121540069580078e+00 -9.013286791741847992e-03 1.000017046928405762e+00 -1.061753463000059128e-02 -2.864896774291992188e+00 6.575329601764678955e-02 1.116648502647876740e-02 9.999856948852539062e-01 6.379854202270507812e+01
9.998900890350341797e-01 1.120449509471654892e-02 -6.721900403499603271e-02 -5.018952846527099609e+00 -1.179950404912233353e-02 9.999917149543762207e-01 -9.030899032950401306e-03 -3.019473552703857422e+00 6.702184677124023438e-02 9.778423234820365906e-03 9.999312162399291992e-01 6.469702911376953125e+01
9.999154210090637207e-01 1.125041767954826355e-02 -6.845226138830184937e-02 -5.063030719757080078e+00 -1.191737130284309387e-02 9.999908208847045898e-01 -9.904023259878158569e-03 -2.999235391616821289e+00 6.825822591781616211e-02 1.067322865128517151e-02 9.999080896377563477e-01 6.556426239013671875e+01
9.998728036880493164e-01 1.281515881419181824e-02 -7.008233666419982910e-02 -5.081911087036132812e+00 -1.343891676515340805e-02 9.999898672103881836e-01 -9.092220105230808258e-03 -3.094507217407226562e+00 6.983198970556259155e-02 9.987242519855499268e-03 9.998986124992370605e-01 6.642420959472656250e+01
9.998796582221984863e-01 1.421964168548583984e-02 -7.152977585792541504e-02 -5.109608173370361328e+00 -1.481057517230510712e-02 9.999867677688598633e-01 -8.509454317390918732e-03 -3.174347400665283203e+00 7.128023356199264526e-02 9.518888778984546661e-03 9.999030828475952148e-01 6.728672027587890625e+01
9.998876452445983887e-01 1.409408636391162872e-02 -7.312917709350585938e-02 -5.128008842468261719e+00 -1.461922377347946167e-02 1.000011801719665527e+00 -7.443416863679885864e-03 -3.278159618377685547e+00 7.290174812078475952e-02 8.467617444694042206e-03 9.998950958251953125e-01 6.814760589599609375e+01
9.998998045921325684e-01 1.375732943415641785e-02 -7.455512136220932007e-02 -5.157305240631103516e+00 -1.423767302185297012e-02 1.000011324882507324e+00 -6.657447200268507004e-03 -3.359251499176025391e+00 7.432505488395690918e-02 7.675832603126764297e-03 9.999011158943176270e-01 6.894802856445312500e+01
9.998671412467956543e-01 1.625342667102813721e-02 -7.590226083993911743e-02 -5.188891410827636719e+00 -1.658575609326362610e-02 9.999803304672241211e-01 -4.577553365379571915e-03 -3.541676759719848633e+00 7.567325979471206665e-02 5.791406147181987762e-03 9.999157786369323730e-01 6.974402618408203125e+01
9.998878836631774902e-01 1.847335696220397949e-02 -7.692202180624008179e-02 -5.243139266967773438e+00 -1.846424862742424011e-02 9.999896287918090820e-01 -1.661619171500205994e-05 -3.891224384307861328e+00 7.674944400787353516e-02 1.389523502439260483e-03 9.999454617500305176e-01 7.053731536865234375e+01
9.998121857643127441e-01 2.111791446805000305e-02 -7.870931178331375122e-02 -5.233394622802734375e+00 -2.097895741462707520e-02 9.999535083770751953e-01 1.581270829774439335e-03 -4.039176464080810547e+00 7.855638116598129272e-02 2.355326432734727859e-05 9.998614788055419922e-01 7.134903717041015625e+01
9.998087286949157715e-01 2.388003654778003693e-02 -8.043343573808670044e-02 -5.236979961395263672e+00 -2.401859499514102936e-02 9.999417662620544434e-01 -1.842735917307436466e-03 -3.832671880722045898e+00 8.016674220561981201e-02 3.725677728652954102e-03 9.998723268508911133e-01 7.214825439453125000e+01
9.998752474784851074e-01 2.378942444920539856e-02 -8.202379196882247925e-02 -5.250234603881835938e+00 -2.455109916627407074e-02 9.999735951423645020e-01 -9.403982199728488922e-03 -3.317216157913208008e+00 8.153145015239715576e-02 1.136565767228603363e-02 9.998597502708435059e-01 7.288717651367187500e+01
9.998868107795715332e-01 2.215355634689331055e-02 -8.387617021799087524e-02 -5.243474960327148438e+00 -2.340406551957130432e-02 9.999758601188659668e-01 -1.499934680759906769e-02 -2.932890176773071289e+00 8.327376097440719604e-02 1.690263859927654266e-02 9.997965097427368164e-01 7.361949157714843750e+01
9.999480843544006348e-01 2.269357070326805115e-02 -8.434163779020309448e-02 -5.329914569854736328e+00 -2.413867786526679993e-02 9.999497532844543457e-01 -1.721138320863246918e-02 -2.809958457946777344e+00 8.366812765598297119e-02 1.919100619852542877e-02 9.999266862869262695e-01 7.432675933837890625e+01
9.998888969421386719e-01 2.541727758944034576e-02 -8.492759615182876587e-02 -5.403115272521972656e+00 -2.660358883440494537e-02 9.999963641166687012e-01 -1.396135054528713226e-02 -3.104040622711181641e+00 8.429063111543655396e-02 1.616801135241985321e-02 1.000007629394531250e+00 7.497747039794921875e+01
9.998670816421508789e-01 2.698872797191143036e-02 -8.599338680505752563e-02 -5.435643196105957031e+00 -2.788766846060752869e-02 1.000013232231140137e+00 -1.053915079683065414e-02 -3.409088611602783203e+00 8.545339107513427734e-02 1.289283391088247299e-02 9.999554157257080078e-01 7.565152740478515625e+01
9.999594092369079590e-01 2.360213175415992737e-02 -8.752490580081939697e-02 -5.440535068511962891e+00 -2.476892247796058655e-02 1.000057339668273926e+00 -1.337588392198085785e-02 -3.214411497116088867e+00 8.694691210985183716e-02 1.550136506557464600e-02 9.998391270637512207e-01 7.627712249755859375e+01
1.000159144401550293e+00 1.536120567470788956e-02 -8.789639919996261597e-02 -5.533620357513427734e+00 -1.689556241035461426e-02 1.000138282775878906e+00 -1.760190539062023163e-02 -2.890048265457153320e+00 8.740257471799850464e-02 1.905244216322898865e-02 9.999107718467712402e-01 7.687620544433593750e+01
1.000123977661132812e+00 1.027808338403701782e-02 -8.734219521284103394e-02 -5.690740585327148438e+00 -1.226883940398693085e-02 9.999833106994628906e-01 -2.298657596111297607e-02 -2.496141672134399414e+00 8.688417822122573853e-02 2.402274310588836670e-02 9.999528527259826660e-01 7.747915649414062500e+01
1.000245213508605957e+00 1.181493047624826431e-02 -8.435199409723281860e-02 -6.021640300750732422e+00 -1.379565987735986710e-02 9.999646544456481934e-01 -2.371077053248882294e-02 -2.489276409149169922e+00 8.387927711009979248e-02 2.484576031565666199e-02 1.000243782997131348e+00 7.804434967041015625e+01
1.000280141830444336e+00 1.754481531679630280e-02 -8.021403104066848755e-02 -6.431738853454589844e+00 -1.920530945062637329e-02 9.999887943267822266e-01 -2.106606401503086090e-02 -2.766206741333007812e+00 7.963229715824127197e-02 2.257669530808925629e-02 1.000411272048950195e+00 7.856818389892578125e+01
1.000384092330932617e+00 1.664129272103309631e-02 -7.560919225215911865e-02 -6.880741596221923828e+00 -1.797074824571609497e-02 1.000088453292846680e+00 -1.800667308270931244e-02 -3.036806106567382812e+00 7.513722777366638184e-02 1.934359036386013031e-02 1.000432372093200684e+00 7.904897308349609375e+01
1.000472664833068848e+00 1.238933485001325607e-02 -7.032186537981033325e-02 -7.374759197235107422e+00 -1.332559436559677124e-02 1.000158309936523438e+00 -1.384980510920286179e-02 -3.377947092056274414e+00 6.997337937355041504e-02 1.477752253413200378e-02 1.000475049018859863e+00 7.952832031250000000e+01
1.000600576400756836e+00 8.320689201354980469e-03 -6.249951198697090149e-02 -8.066321372985839844e+00 -8.860698901116847992e-03 1.000122547149658203e+00 -9.292972274124622345e-03 -3.752600669860839844e+00 6.223636865615844727e-02 9.847342967987060547e-03 1.000611186027526855e+00 7.992998504638671875e+01
1.001609802246093750e+00 1.096503064036369324e-02 -5.200732871890068054e-02 -8.949923515319824219e+00 -1.144579052925109863e-02 9.999675154685974121e-01 -1.034587342292070389e-02 -3.708871841430664062e+00 5.169822648167610168e-02 1.095049642026424408e-02 1.001619815826416016e+00 8.034906768798828125e+01
1.002671599388122559e+00 1.634321920573711395e-02 -3.703529760241508484e-02 -1.019569683074951172e+01 -1.668337173759937286e-02 9.999310374259948730e-01 -1.129374653100967407e-02 -3.686711311340332031e+00 3.665490448474884033e-02 1.192516554147005081e-02 1.002717256546020508e+00 8.074686431884765625e+01
1.003512263298034668e+00 2.129258215427398682e-02 -1.909383758902549744e-02 -1.166877555847167969e+01 -2.140434272587299347e-02 9.999213218688964844e-01 -1.137543655931949615e-02 -3.731447935104370117e+00 1.864184252917766571e-02 1.180156506597995758e-02 1.003588199615478516e+00 8.110317993164062500e+01
1.004352927207946777e+00 1.962438039481639862e-02 2.561640925705432892e-03 -1.343953514099121094e+01 -1.950819417834281921e-02 1.000038027763366699e+00 -1.157879177480936050e-02 -3.729377269744873047e+00 -2.979121170938014984e-03 1.154841855168342590e-02 1.004311203956604004e+00 8.147283172607421875e+01
1.003429055213928223e+00 1.561541762202978134e-02 2.800327911972999573e-02 -1.550831699371337891e+01 -1.522675808519124985e-02 1.000085115432739258e+00 -1.133442856371402740e-02 -3.751409769058227539e+00 -2.836048789322376251e-02 1.092564128339290619e-02 1.003349065780639648e+00 8.185765838623046875e+01
1.002630829811096191e+00 1.386266015470027924e-02 5.709623917937278748e-02 -1.786500549316406250e+01 -1.321671530604362488e-02 1.000040292739868164e+00 -1.046647131443023682e-02 -3.837714910507202148e+00 -5.739526450634002686e-02 9.712296538054943085e-03 1.001632213592529297e+00 8.227426147460937500e+01
1.000592231750488281e+00 1.304353587329387665e-02 8.971514552831649780e-02 -2.049903678894042969e+01 -1.216236688196659088e-02 1.000022768974304199e+00 -9.622955694794654846e-03 -3.925735473632812500e+00 -8.996396511793136597e-02 8.507097139954566956e-03 9.996087551116943359e-01 8.272009277343750000e+01
9.972219467163085938e-01 1.250968500971794128e-02 1.261888146400451660e-01 -2.344952011108398438e+01 -1.133287325501441956e-02 1.000010728836059570e+00 -9.535427205264568329e-03 -3.949967145919799805e+00 -1.263685673475265503e-01 8.044763468205928802e-03 9.957472085952758789e-01 8.331538391113281250e+01
9.908986687660217285e-01 1.239770557731389999e-02 1.671709418296813965e-01 -2.677127838134765625e+01 -1.074913609772920609e-02 9.999982714653015137e-01 -1.035587769001722336e-02 -3.896905183792114258e+00 -1.672356426715850830e-01 8.429002016782760620e-03 9.894251227378845215e-01 8.402972412109375000e+01
9.822403788566589355e-01 1.186732668429613113e-02 2.115425467491149902e-01 -3.036808776855468750e+01 -9.658170863986015320e-03 1.000002503395080566e+00 -1.117614656686782837e-02 -3.843501806259155273e+00 -2.115977108478546143e-01 8.903058245778083801e-03 9.807609319686889648e-01 8.489293670654296875e+01
9.711391925811767578e-01 1.387202367186546326e-02 2.591726481914520264e-01 -3.424081802368164062e+01 -1.075675431638956070e-02 9.999668598175048828e-01 -1.319680176675319672e-02 -3.703357219696044922e+00 -2.591345012187957764e-01 9.987450204789638519e-03 9.696815013885498047e-01 8.597528076171875000e+01
9.557669758796691895e-01 1.510305423289537430e-02 3.112868070602416992e-01 -3.848802185058593750e+01 -1.035434287041425705e-02 9.999560713768005371e-01 -1.672237738966941833e-02 -3.427060604095458984e+00 -3.110082447528839111e-01 1.271156687289476395e-02 9.542924165725708008e-01 8.740769195556640625e+01
9.362974166870117188e-01 1.544491946697235107e-02 3.656979799270629883e-01 -4.294971466064453125e+01 -8.793290704488754272e-03 9.999636411666870117e-01 -1.971449516713619232e-02 -3.187766075134277344e+00 -3.653700649738311768e-01 1.518709864467382431e-02 9.347996711730957031e-01 8.914388275146484375e+01
9.125423431396484375e-01 1.620627008378505707e-02 4.217068850994110107e-01 -4.753034210205078125e+01 -7.416347041726112366e-03 9.999572634696960449e-01 -2.238501608371734619e-02 -2.972346782684326172e+00 -4.213759601116180420e-01 1.724454201757907867e-02 9.105721712112426758e-01 9.118830108642578125e+01
8.842934966087341309e-01 1.696965657174587250e-02 4.781895279884338379e-01 -5.217944335937500000e+01 -5.352768115699291229e-03 9.999403953552246094e-01 -2.559039928019046783e-02 -2.708553791046142578e+00 -4.778570234775543213e-01 2.000316418707370758e-02 8.823012113571166992e-01 9.361095428466796875e+01
8.518304824829101562e-01 1.656665094196796417e-02 5.341601371765136719e-01 -5.679198455810546875e+01 -8.687097579240798950e-04 9.999132752418518066e-01 -2.963888086378574371e-02 -2.362743616104125977e+00 -5.335543155670166016e-01 2.470312267541885376e-02 8.497895002365112305e-01 9.638100433349609375e+01
8.161470890045166016e-01 1.637286879122257233e-02 5.877617001533508301e-01 -6.118677139282226562e+01 2.666458487510681152e-03 9.999411702156066895e-01 -3.155970573425292969e-02 -2.209346771240234375e+00 -5.871093869209289551e-01 2.723134309053421021e-02 8.136671185493469238e-01 9.941717529296875000e+01
7.769455909729003906e-01 1.434631645679473877e-02 6.386792659759521484e-01 -6.537199401855468750e+01 7.491026073694229126e-03 9.999787807464599609e-01 -3.158129006624221802e-02 -2.212968826293945312e+00 -6.374765634536743164e-01 2.923428826034069061e-02 7.745179533958435059e-01 1.027095794677734375e+02
7.350531220436096191e-01 1.179688703268766403e-02 6.864345669746398926e-01 -6.929414367675781250e+01 1.098906621336936951e-02 1.000050306320190430e+00 -2.896689996123313904e-02 -2.447458744049072266e+00 -6.852789521217346191e-01 2.874995954334735870e-02 7.327561974525451660e-01 1.061831741333007812e+02
6.908594965934753418e-01 1.068192813545465469e-02 7.307695150375366211e-01 -7.293448638916015625e+01 1.487693656235933304e-02 9.999596476554870605e-01 -2.869864553213119507e-02 -2.472406625747680664e+00 -7.291311621665954590e-01 3.061729483306407928e-02 6.889624595642089844e-01 1.098701782226562500e+02
6.452692747116088867e-01 1.189498603343963623e-02 7.713879346847534180e-01 -7.624379730224609375e+01 1.891756430268287659e-02 9.998636841773986816e-01 -3.126455098390579224e-02 -2.246832847595214844e+00 -7.692864537239074707e-01 3.468275442719459534e-02 6.433057188987731934e-01 1.136822586059570312e+02
6.000221371650695801e-01 1.389673352241516113e-02 8.076164126396179199e-01 -7.915242767333984375e+01 2.506726980209350586e-02 9.997373819351196289e-01 -3.583587333559989929e-02 -1.840308666229248047e+00 -8.049344420433044434e-01 4.160257428884506226e-02 5.974515080451965332e-01 1.175149078369140625e+02
5.544068813323974609e-01 1.392863877117633820e-02 8.397303819656372070e-01 -8.170896911621093750e+01 2.670928090810775757e-02 9.995257258415222168e-01 -3.422063961625099182e-02 -1.988904356956481934e+00 -8.371677994728088379e-01 4.124376922845840454e-02 5.521156191825866699e-01 1.212817993164062500e+02
5.077376961708068848e-01 1.223390642553567886e-02 8.687789440155029297e-01 -8.399380493164062500e+01 2.648986689746379852e-02 9.996724724769592285e-01 -2.956887334585189819e-02 -2.406279087066650391e+00 -8.662582039833068848e-01 3.787814825773239136e-02 5.060523152351379395e-01 1.251384735107421875e+02
4.632112085819244385e-01 1.290686056017875671e-02 8.930089473724365234e-01 -8.591793823242187500e+01 2.702230960130691528e-02 9.995297789573669434e-01 -2.846256643533706665e-02 -2.508493900299072266e+00 -8.905107378959655762e-01 3.717724978923797607e-02 4.613851606845855713e-01 1.287832946777343750e+02
4.215655624866485596e-01 1.746287755668163300e-02 9.134548306465148926e-01 -8.749450683593750000e+01 3.116982989013195038e-02 9.992592930793762207e-01 -3.348718956112861633e-02 -2.061532974243164062e+00 -9.109120368957519531e-01 4.242629930377006531e-02 4.196994006633758545e-01 1.321819000244140625e+02
3.835551142692565918e-01 2.609261497855186462e-02 9.299623370170593262e-01 -8.870415496826171875e+01 4.221714660525321960e-02 9.982808232307434082e-01 -4.542011022567749023e-02 -9.957778453826904297e-01 -9.272115230560302734e-01 5.648498237133026123e-02 3.808610737323760986e-01 1.353022918701171875e+02
3.492012619972229004e-01 2.831384353339672089e-02 9.437614679336547852e-01 -8.964512634277343750e+01 4.901427030563354492e-02 9.976335167884826660e-01 -4.808726906776428223e-02 -7.538537383079528809e-01 -9.405420422554016113e-01 6.282428652048110962e-02 3.462210595607757568e-01 1.380388946533203125e+02
3.165464103221893311e-01 2.811785042285919189e-02 9.553765654563903809e-01 -9.041514587402343750e+01 4.861493781208992004e-02 9.977020025253295898e-01 -4.551207274198532104e-02 -9.799133539199829102e-01 -9.519621133804321289e-01 6.060124188661575317e-02 3.138481080532073975e-01 1.405562286376953125e+02
2.855382859706878662e-01 2.086916938424110413e-02 9.655821919441223145e-01 -9.110863494873046875e+01 4.324410110712051392e-02 9.983191490173339844e-01 -3.439786657691001892e-02 -1.967478632926940918e+00 -9.622057676315307617e-01 5.133927986025810242e-02 2.836759984493255615e-01 1.428488159179687500e+02
2.570708394050598145e-01 1.740965619683265686e-02 9.738342761993408203e-01 -9.163268280029296875e+01 4.041718319058418274e-02 9.988552927970886230e-01 -2.854681760072708130e-02 -2.491940736770629883e+00 -9.704570770263671875e-01 4.645734280347824097e-02 2.555184364318847656e-01 1.450322875976562500e+02
2.315733879804611206e-01 1.937163434922695160e-02 9.798236489295959473e-01 -9.198007965087890625e+01 3.991345688700675964e-02 9.990264177322387695e-01 -2.919490635395050049e-02 -2.435460090637207031e+00 -9.764555692672729492e-01 4.565339535474777222e-02 2.301398813724517822e-01 1.469048767089843750e+02
2.082185000181198120e-01 2.608804777264595032e-02 9.848605990409851074e-01 -9.224205780029296875e+01 4.067474976181983948e-02 9.988271594047546387e-01 -3.505093231797218323e-02 -1.911412715911865234e+00 -9.815379977226257324e-01 4.715053364634513855e-02 2.065220326185226440e-01 1.486045532226562500e+02
1.881016194820404053e-01 3.706412389874458313e-02 9.883381724357604980e-01 -9.237032318115234375e+01 3.628971800208091736e-02 9.988881945610046387e-01 -4.433757066726684570e-02 -1.054865837097167969e+00 -9.858840703964233398e-01 4.400714859366416931e-02 1.860770732164382935e-01 1.500435485839843750e+02
1.681526750326156616e-01 4.224574938416481018e-02 9.918756484985351562e-01 -9.248139190673828125e+01 3.007682785391807556e-02 9.991125464439392090e-01 -4.762157425284385681e-02 -7.332806587219238281e-01 -9.898595213890075684e-01 3.765104338526725769e-02 1.662431806325912476e-01 1.513492126464843750e+02
1.504839062690734863e-01 4.010419175028800964e-02 9.947965145111083984e-01 -9.258715057373046875e+01 3.034811280667781830e-02 9.991462826728820801e-01 -4.484108090400695801e-02 -9.848456978797912598e-01 -9.927359819412231445e-01 3.675419837236404419e-02 1.486740708351135254e-01 1.525209808349609375e+02
1.353829801082611084e-01 3.596350923180580139e-02 9.970859885215759277e-01 -9.261383056640625000e+01 3.656375035643577576e-02 9.990027546882629395e-01 -4.096487909555435181e-02 -1.363867878913879395e+00 -9.947674870491027832e-01 4.178652912378311157e-02 1.335005164146423340e-01 1.534274444580078125e+02
1.209607049822807312e-01 3.515655174851417542e-02 9.990583062171936035e-01 -9.263958740234375000e+01 4.138859361410140991e-02 9.988774657249450684e-01 -4.013866186141967773e-02 -1.463969707489013672e+00 -9.964031577110290527e-01 4.596454277634620667e-02 1.190248876810073853e-01 1.542291259765625000e+02
1.077016964554786682e-01 3.704117238521575928e-02 1.000566244125366211e+00 -9.260374450683593750e+01 4.472945258021354675e-02 9.988189935684204102e-01 -4.176212102174758911e-02 -1.334279417991638184e+00 -9.980454444885253906e-01 4.899937659502029419e-02 1.055741831660270691e-01 1.549879913330078125e+02
